dim 31 31 100
putbox 11 20 11 20 0 1 0.28 0.30 0.31 1
cutvoxel 11 11 0
cutvoxel 19 19 0
cutvoxel 11 19 0
cutvoxel 19 11 0
putbox 12 19 12 19 1 2 0 0 0 1
putbox 11 20 11 20 2 5 0.28 0.30 0.30 1
cutbox 11 12 11 12 2 5
cutbox 19 20 19 20 2 5
cutbox 11 12 19 20 2 5
cutbox 19 20 11 12 2 5
putbox 12 19 12 19 5 6 0.28 0.30 0.31 1
putbox 12 19 12 19 6 7 0.85 0.64 0.12 1
putbox 13 18 13 18 7 8 0.85 0.64 0.12 1
putbox 14 17 14 17 8 15 0.85 0.64 0.12 1
putbox 13 18 13 18 11 12 0.85 0.64 0.12 1
putelip 15 15 28 7 7 14 0.85 0.64 0.12 1
cutelip 15 15 28 6 6 13
cutbox 0 30 0 30 28 42
putesfera 15 15 40 10 0.67 0.84 0.90 1
putvoxel 25 25 22 0.67 0.84 0.90 1
putvoxel 7 7 25 0.67 0.84 0.90 1
putvoxel 5 5 20 0.67 0.84 0.90 1
putvoxel 8 10 18 0.67 0.84 0.90 1
putvoxel 10 9 20 0.67 0.84 0.90 1
putvoxel 23 23 20 0.67 0.84 0.90 1
putvoxel 26 20 25 0.67 0.84 0.90 1
putvoxel 22 20 22 0.67 0.84 0.90 1
putvoxel 25 25 20 0.67 0.84 0.90 1
putvoxel 7 23 20 0.67 0.84 0.90 1
putvoxel 20 8 25 0.67 0.84 0.90 1
putvoxel 9 20 22 0.67 0.84 0.90 1
putvoxel 25 8 20 0.67 0.84 0.90 1